30 136 1 9
1 2
1 5
1 9
1 12
1 16
1 19
1 23
1 26
2 3
2 4
2 6
2 8
2 10
2 11
2 13
2 15
2 17
2 18
2 20
2 22
2 24
2 25
2 27
2 29
3 5
3 9
3 12
3 16
3 19
3 23
3 26
4 5
4 9
4 12
4 16
4 19
4 23
4 26
5 6
5 8
5 10
5 11
5 13
5 15
5 17
5 18
5 20
5 22
5 24
5 25
5 27
5 29
6 9
6 12
6 16
6 19
6 23
6 26
8 9
8 12
8 16
8 19
8 23
8 26
9 10
9 11
9 13
9 15
9 17
9 18
9 20
9 22
9 24
9 25
9 27
9 29
10 12
10 16
10 19
10 23
10 26
11 12
11 16
11 19
11 23
11 26
12 13
12 15
12 17
12 18
12 20
12 22
12 24
12 25
12 27
12 29
13 16
13 19
13 23
13 26
15 16
15 19
15 23
15 26
16 17
16 18
16 20
16 22
16 24
16 25
16 27
16 29
17 19
17 23
17 26
18 19
18 23
18 26
19 20
19 22
19 24
19 25
19 27
19 29
20 23
20 26
22 23
22 26
23 24
23 25
23 27
23 29
24 26
25 26
26 27
26 29
