30 231 0 9
0 1
0 3
0 4
0 6
0 7
0 8
0 10
0 11
0 13
0 14
0 15
0 17
0 18
0 20
0 21
0 22
0 24
0 25
0 27
0 28
0 29
1 3
1 4
1 6
1 7
1 8
1 10
1 11
1 13
1 14
1 15
1 17
1 18
1 20
1 21
1 22
1 24
1 25
1 27
1 28
1 29
2 5
2 9
2 12
2 16
2 19
2 23
2 26
3 6
3 7
3 8
3 13
3 14
3 15
3 20
3 21
3 22
3 27
3 28
3 29
4 6
4 7
4 8
4 13
4 14
4 15
4 20
4 21
4 22
4 27
4 28
4 29
5 9
5 12
5 16
5 19
5 23
5 26
6 7
6 8
6 10
6 11
6 13
6 14
6 15
6 17
6 18
6 20
6 21
6 22
6 24
6 25
6 27
6 28
6 29
7 8
7 10
7 11
7 13
7 14
7 15
7 17
7 18
7 20
7 21
7 22
7 24
7 25
7 27
7 28
7 29
8 10
8 11
8 13
8 14
8 15
8 17
8 18
8 20
8 21
8 22
8 24
8 25
8 27
8 28
8 29
9 12
9 16
9 19
9 23
9 26
10 13
10 14
10 15
10 20
10 21
10 22
10 27
10 28
10 29
11 13
11 14
11 15
11 20
11 21
11 22
11 27
11 28
11 29
12 16
12 19
12 23
12 26
13 14
13 15
13 17
13 18
13 20
13 21
13 22
13 24
13 25
13 27
13 28
13 29
14 15
14 17
14 18
14 20
14 21
14 22
14 24
14 25
14 27
14 28
14 29
15 17
15 18
15 20
15 21
15 22
15 24
15 25
15 27
15 28
15 29
16 19
16 23
16 26
17 20
17 21
17 22
17 27
17 28
17 29
18 20
18 21
18 22
18 27
18 28
18 29
19 23
19 26
20 21
20 22
20 24
20 25
20 27
20 28
20 29
21 22
21 24
21 25
21 27
21 28
21 29
22 24
22 25
22 27
22 28
22 29
23 26
24 27
24 28
24 29
25 27
25 28
25 29
27 28
27 29
28 29
